{
 "cells": [
  {
   "cell_type": "code",
   "execution_count": 1,
   "id": "518b26c8",
   "metadata": {},
   "outputs": [],
   "source": [
    "import pandas as pd\n",
    "import numpy as np\n",
    "from numpy.linalg import inv\n",
    "from matplotlib import pyplot as plt\n",
    "from sklearn.model_selection import train_test_split"
   ]
  },
  {
   "cell_type": "code",
   "execution_count": 2,
   "id": "2378fb7d",
   "metadata": {},
   "outputs": [],
   "source": [
    "# A. preg = Number of times pregnant\n",
    "# B. plas = Plasma glucose concentration a 2 hours in an oral glucose tolerance test\n",
    "# C. pres = Diastolic blood pressure (mm Hg)\n",
    "# D. skin = Triceps skin fold thickness (mm)\n",
    "# E. test = 2-Hour serum insulin (mu U/ml)\n",
    "# F. mass = Body mass index (weight in kg/(height in m)^2)\n",
    "# g. pedi = Diabetes pedigree function\n",
    "# H. age = Age (years)\n",
    "# I. class = Class variable (1:tested positive for diabetes, 0: tested negative for diabetes)"
   ]
  },
  {
   "cell_type": "code",
   "execution_count": 3,
   "id": "41c8a139",
   "metadata": {},
   "outputs": [
    {
     "data": {
      "text/html": [
       "<div>\n",
       "<style scoped>\n",
       "    .dataframe tbody tr th:only-of-type {\n",
       "        vertical-align: middle;\n",
       "    }\n",
       "\n",
       "    .dataframe tbody tr th {\n",
       "        vertical-align: top;\n",
       "    }\n",
       "\n",
       "    .dataframe thead th {\n",
       "        text-align: right;\n",
       "    }\n",
       "</style>\n",
       "<table border=\"1\" class=\"dataframe\">\n",
       "  <thead>\n",
       "    <tr style=\"text-align: right;\">\n",
       "      <th></th>\n",
       "      <th>pregnant</th>\n",
       "      <th>glucode</th>\n",
       "      <th>bp</th>\n",
       "      <th>skin</th>\n",
       "      <th>insulin</th>\n",
       "      <th>bmi</th>\n",
       "      <th>pedigree</th>\n",
       "      <th>age</th>\n",
       "      <th>label</th>\n",
       "    </tr>\n",
       "  </thead>\n",
       "  <tbody>\n",
       "    <tr>\n",
       "      <th>0</th>\n",
       "      <td>6</td>\n",
       "      <td>148</td>\n",
       "      <td>72</td>\n",
       "      <td>35</td>\n",
       "      <td>0</td>\n",
       "      <td>33.6</td>\n",
       "      <td>0.627</td>\n",
       "      <td>50</td>\n",
       "      <td>1</td>\n",
       "    </tr>\n",
       "    <tr>\n",
       "      <th>1</th>\n",
       "      <td>1</td>\n",
       "      <td>85</td>\n",
       "      <td>66</td>\n",
       "      <td>29</td>\n",
       "      <td>0</td>\n",
       "      <td>26.6</td>\n",
       "      <td>0.351</td>\n",
       "      <td>31</td>\n",
       "      <td>0</td>\n",
       "    </tr>\n",
       "    <tr>\n",
       "      <th>2</th>\n",
       "      <td>8</td>\n",
       "      <td>183</td>\n",
       "      <td>64</td>\n",
       "      <td>0</td>\n",
       "      <td>0</td>\n",
       "      <td>23.3</td>\n",
       "      <td>0.672</td>\n",
       "      <td>32</td>\n",
       "      <td>1</td>\n",
       "    </tr>\n",
       "    <tr>\n",
       "      <th>3</th>\n",
       "      <td>1</td>\n",
       "      <td>89</td>\n",
       "      <td>66</td>\n",
       "      <td>23</td>\n",
       "      <td>94</td>\n",
       "      <td>28.1</td>\n",
       "      <td>0.167</td>\n",
       "      <td>21</td>\n",
       "      <td>0</td>\n",
       "    </tr>\n",
       "    <tr>\n",
       "      <th>4</th>\n",
       "      <td>0</td>\n",
       "      <td>137</td>\n",
       "      <td>40</td>\n",
       "      <td>35</td>\n",
       "      <td>168</td>\n",
       "      <td>43.1</td>\n",
       "      <td>2.288</td>\n",
       "      <td>33</td>\n",
       "      <td>1</td>\n",
       "    </tr>\n",
       "    <tr>\n",
       "      <th>...</th>\n",
       "      <td>...</td>\n",
       "      <td>...</td>\n",
       "      <td>...</td>\n",
       "      <td>...</td>\n",
       "      <td>...</td>\n",
       "      <td>...</td>\n",
       "      <td>...</td>\n",
       "      <td>...</td>\n",
       "      <td>...</td>\n",
       "    </tr>\n",
       "    <tr>\n",
       "      <th>763</th>\n",
       "      <td>10</td>\n",
       "      <td>101</td>\n",
       "      <td>76</td>\n",
       "      <td>48</td>\n",
       "      <td>180</td>\n",
       "      <td>32.9</td>\n",
       "      <td>0.171</td>\n",
       "      <td>63</td>\n",
       "      <td>0</td>\n",
       "    </tr>\n",
       "    <tr>\n",
       "      <th>764</th>\n",
       "      <td>2</td>\n",
       "      <td>122</td>\n",
       "      <td>70</td>\n",
       "      <td>27</td>\n",
       "      <td>0</td>\n",
       "      <td>36.8</td>\n",
       "      <td>0.340</td>\n",
       "      <td>27</td>\n",
       "      <td>0</td>\n",
       "    </tr>\n",
       "    <tr>\n",
       "      <th>765</th>\n",
       "      <td>5</td>\n",
       "      <td>121</td>\n",
       "      <td>72</td>\n",
       "      <td>23</td>\n",
       "      <td>112</td>\n",
       "      <td>26.2</td>\n",
       "      <td>0.245</td>\n",
       "      <td>30</td>\n",
       "      <td>0</td>\n",
       "    </tr>\n",
       "    <tr>\n",
       "      <th>766</th>\n",
       "      <td>1</td>\n",
       "      <td>126</td>\n",
       "      <td>60</td>\n",
       "      <td>0</td>\n",
       "      <td>0</td>\n",
       "      <td>30.1</td>\n",
       "      <td>0.349</td>\n",
       "      <td>47</td>\n",
       "      <td>1</td>\n",
       "    </tr>\n",
       "    <tr>\n",
       "      <th>767</th>\n",
       "      <td>1</td>\n",
       "      <td>93</td>\n",
       "      <td>70</td>\n",
       "      <td>31</td>\n",
       "      <td>0</td>\n",
       "      <td>30.4</td>\n",
       "      <td>0.315</td>\n",
       "      <td>23</td>\n",
       "      <td>0</td>\n",
       "    </tr>\n",
       "  </tbody>\n",
       "</table>\n",
       "<p>768 rows × 9 columns</p>\n",
       "</div>"
      ],
      "text/plain": [
       "     pregnant  glucode  bp  skin  insulin   bmi  pedigree  age  label\n",
       "0           6      148  72    35        0  33.6     0.627   50      1\n",
       "1           1       85  66    29        0  26.6     0.351   31      0\n",
       "2           8      183  64     0        0  23.3     0.672   32      1\n",
       "3           1       89  66    23       94  28.1     0.167   21      0\n",
       "4           0      137  40    35      168  43.1     2.288   33      1\n",
       "..        ...      ...  ..   ...      ...   ...       ...  ...    ...\n",
       "763        10      101  76    48      180  32.9     0.171   63      0\n",
       "764         2      122  70    27        0  36.8     0.340   27      0\n",
       "765         5      121  72    23      112  26.2     0.245   30      0\n",
       "766         1      126  60     0        0  30.1     0.349   47      1\n",
       "767         1       93  70    31        0  30.4     0.315   23      0\n",
       "\n",
       "[768 rows x 9 columns]"
      ]
     },
     "execution_count": 3,
     "metadata": {},
     "output_type": "execute_result"
    }
   ],
   "source": [
    "# Reading data\n",
    "columns = [\"pregnant\", \"glucode\", \"bp\", \"skin\", \"insulin\", \"bmi\", \"pedigree\", \"age\", \"label\"]\n",
    "data = pd.read_csv(\"pima-indians-diabetes.csv\", header=None, names=columns)\n",
    "data"
   ]
  },
  {
   "cell_type": "code",
   "execution_count": 4,
   "id": "7d4c345c",
   "metadata": {},
   "outputs": [],
   "source": [
    "# Splitting data into train and test\n",
    "features = [\"pregnant\", \"glucode\", \"bp\", \"skin\", \"insulin\", \"bmi\", \"pedigree\", \"age\"]\n",
    "X = data[features]\n",
    "Y = data['label']\n",
    "\n",
    "X_train, X_test, Y_train, Y_test = train_test_split(X, Y, test_size=0.2, random_state=40)"
   ]
  },
  {
   "cell_type": "code",
   "execution_count": 5,
   "id": "c8feef7f",
   "metadata": {},
   "outputs": [
    {
     "data": {
      "text/html": [
       "<div>\n",
       "<style scoped>\n",
       "    .dataframe tbody tr th:only-of-type {\n",
       "        vertical-align: middle;\n",
       "    }\n",
       "\n",
       "    .dataframe tbody tr th {\n",
       "        vertical-align: top;\n",
       "    }\n",
       "\n",
       "    .dataframe thead th {\n",
       "        text-align: right;\n",
       "    }\n",
       "</style>\n",
       "<table border=\"1\" class=\"dataframe\">\n",
       "  <thead>\n",
       "    <tr style=\"text-align: right;\">\n",
       "      <th></th>\n",
       "      <th>pregnant</th>\n",
       "      <th>glucode</th>\n",
       "      <th>bp</th>\n",
       "      <th>skin</th>\n",
       "      <th>insulin</th>\n",
       "      <th>bmi</th>\n",
       "      <th>pedigree</th>\n",
       "      <th>age</th>\n",
       "    </tr>\n",
       "  </thead>\n",
       "  <tbody>\n",
       "    <tr>\n",
       "      <th>223</th>\n",
       "      <td>7</td>\n",
       "      <td>142</td>\n",
       "      <td>60</td>\n",
       "      <td>33</td>\n",
       "      <td>190</td>\n",
       "      <td>28.8</td>\n",
       "      <td>0.687</td>\n",
       "      <td>61</td>\n",
       "    </tr>\n",
       "    <tr>\n",
       "      <th>203</th>\n",
       "      <td>2</td>\n",
       "      <td>99</td>\n",
       "      <td>70</td>\n",
       "      <td>16</td>\n",
       "      <td>44</td>\n",
       "      <td>20.4</td>\n",
       "      <td>0.235</td>\n",
       "      <td>27</td>\n",
       "    </tr>\n",
       "    <tr>\n",
       "      <th>112</th>\n",
       "      <td>1</td>\n",
       "      <td>89</td>\n",
       "      <td>76</td>\n",
       "      <td>34</td>\n",
       "      <td>37</td>\n",
       "      <td>31.2</td>\n",
       "      <td>0.192</td>\n",
       "      <td>23</td>\n",
       "    </tr>\n",
       "    <tr>\n",
       "      <th>507</th>\n",
       "      <td>1</td>\n",
       "      <td>130</td>\n",
       "      <td>60</td>\n",
       "      <td>23</td>\n",
       "      <td>170</td>\n",
       "      <td>28.6</td>\n",
       "      <td>0.692</td>\n",
       "      <td>21</td>\n",
       "    </tr>\n",
       "    <tr>\n",
       "      <th>577</th>\n",
       "      <td>2</td>\n",
       "      <td>118</td>\n",
       "      <td>80</td>\n",
       "      <td>0</td>\n",
       "      <td>0</td>\n",
       "      <td>42.9</td>\n",
       "      <td>0.693</td>\n",
       "      <td>21</td>\n",
       "    </tr>\n",
       "    <tr>\n",
       "      <th>...</th>\n",
       "      <td>...</td>\n",
       "      <td>...</td>\n",
       "      <td>...</td>\n",
       "      <td>...</td>\n",
       "      <td>...</td>\n",
       "      <td>...</td>\n",
       "      <td>...</td>\n",
       "      <td>...</td>\n",
       "    </tr>\n",
       "    <tr>\n",
       "      <th>440</th>\n",
       "      <td>0</td>\n",
       "      <td>189</td>\n",
       "      <td>104</td>\n",
       "      <td>25</td>\n",
       "      <td>0</td>\n",
       "      <td>34.3</td>\n",
       "      <td>0.435</td>\n",
       "      <td>41</td>\n",
       "    </tr>\n",
       "    <tr>\n",
       "      <th>165</th>\n",
       "      <td>6</td>\n",
       "      <td>104</td>\n",
       "      <td>74</td>\n",
       "      <td>18</td>\n",
       "      <td>156</td>\n",
       "      <td>29.9</td>\n",
       "      <td>0.722</td>\n",
       "      <td>41</td>\n",
       "    </tr>\n",
       "    <tr>\n",
       "      <th>7</th>\n",
       "      <td>10</td>\n",
       "      <td>115</td>\n",
       "      <td>0</td>\n",
       "      <td>0</td>\n",
       "      <td>0</td>\n",
       "      <td>35.3</td>\n",
       "      <td>0.134</td>\n",
       "      <td>29</td>\n",
       "    </tr>\n",
       "    <tr>\n",
       "      <th>219</th>\n",
       "      <td>5</td>\n",
       "      <td>112</td>\n",
       "      <td>66</td>\n",
       "      <td>0</td>\n",
       "      <td>0</td>\n",
       "      <td>37.8</td>\n",
       "      <td>0.261</td>\n",
       "      <td>41</td>\n",
       "    </tr>\n",
       "    <tr>\n",
       "      <th>326</th>\n",
       "      <td>1</td>\n",
       "      <td>122</td>\n",
       "      <td>64</td>\n",
       "      <td>32</td>\n",
       "      <td>156</td>\n",
       "      <td>35.1</td>\n",
       "      <td>0.692</td>\n",
       "      <td>30</td>\n",
       "    </tr>\n",
       "  </tbody>\n",
       "</table>\n",
       "<p>614 rows × 8 columns</p>\n",
       "</div>"
      ],
      "text/plain": [
       "     pregnant  glucode   bp  skin  insulin   bmi  pedigree  age\n",
       "223         7      142   60    33      190  28.8     0.687   61\n",
       "203         2       99   70    16       44  20.4     0.235   27\n",
       "112         1       89   76    34       37  31.2     0.192   23\n",
       "507         1      130   60    23      170  28.6     0.692   21\n",
       "577         2      118   80     0        0  42.9     0.693   21\n",
       "..        ...      ...  ...   ...      ...   ...       ...  ...\n",
       "440         0      189  104    25        0  34.3     0.435   41\n",
       "165         6      104   74    18      156  29.9     0.722   41\n",
       "7          10      115    0     0        0  35.3     0.134   29\n",
       "219         5      112   66     0        0  37.8     0.261   41\n",
       "326         1      122   64    32      156  35.1     0.692   30\n",
       "\n",
       "[614 rows x 8 columns]"
      ]
     },
     "execution_count": 5,
     "metadata": {},
     "output_type": "execute_result"
    }
   ],
   "source": [
    "X_train"
   ]
  },
  {
   "cell_type": "markdown",
   "id": "35a42192",
   "metadata": {},
   "source": [
    "# Q1.Fisher's Linear discriminant function"
   ]
  },
  {
   "cell_type": "markdown",
   "id": "7d2c3a83",
   "metadata": {},
   "source": [
    "Fisher's Linear discriminant function: y_i = W*x_i\n",
    "\n",
    "Where <br>\n",
    "W = S^-1 * (m1-m2); S = S1 + S2\n",
    "\n",
    "m1 = mean data of class 1 <br>\n",
    "m2 = mean data of class 2 <br>\n",
    "\n",
    "S1 = scatter matrix for class 1 <br>\n",
    "S2 = scatter matrix for class 2 <br>\n",
    "\n",
    "S = within scatter matrix"
   ]
  },
  {
   "cell_type": "markdown",
   "id": "87ea4880",
   "metadata": {},
   "source": [
    "\n",
    "Here I am taking 80% data as test data to calculate the cut, and then apply it on the test data to find the accuracy"
   ]
  },
  {
   "cell_type": "code",
   "execution_count": 6,
   "id": "31d21bf9",
   "metadata": {},
   "outputs": [],
   "source": [
    "# Collecting train data which are label 1 ans label 0 seperately\n",
    "data_positive = X[Y==1]\n",
    "data_negative = X[Y==0]"
   ]
  },
  {
   "cell_type": "code",
   "execution_count": 7,
   "id": "84ba4f50",
   "metadata": {},
   "outputs": [
    {
     "data": {
      "text/html": [
       "<div>\n",
       "<style scoped>\n",
       "    .dataframe tbody tr th:only-of-type {\n",
       "        vertical-align: middle;\n",
       "    }\n",
       "\n",
       "    .dataframe tbody tr th {\n",
       "        vertical-align: top;\n",
       "    }\n",
       "\n",
       "    .dataframe thead th {\n",
       "        text-align: right;\n",
       "    }\n",
       "</style>\n",
       "<table border=\"1\" class=\"dataframe\">\n",
       "  <thead>\n",
       "    <tr style=\"text-align: right;\">\n",
       "      <th></th>\n",
       "      <th>pregnant</th>\n",
       "      <th>glucode</th>\n",
       "      <th>bp</th>\n",
       "      <th>skin</th>\n",
       "      <th>insulin</th>\n",
       "      <th>bmi</th>\n",
       "      <th>pedigree</th>\n",
       "      <th>age</th>\n",
       "    </tr>\n",
       "  </thead>\n",
       "  <tbody>\n",
       "    <tr>\n",
       "      <th>0</th>\n",
       "      <td>6</td>\n",
       "      <td>148</td>\n",
       "      <td>72</td>\n",
       "      <td>35</td>\n",
       "      <td>0</td>\n",
       "      <td>33.6</td>\n",
       "      <td>0.627</td>\n",
       "      <td>50</td>\n",
       "    </tr>\n",
       "    <tr>\n",
       "      <th>2</th>\n",
       "      <td>8</td>\n",
       "      <td>183</td>\n",
       "      <td>64</td>\n",
       "      <td>0</td>\n",
       "      <td>0</td>\n",
       "      <td>23.3</td>\n",
       "      <td>0.672</td>\n",
       "      <td>32</td>\n",
       "    </tr>\n",
       "    <tr>\n",
       "      <th>4</th>\n",
       "      <td>0</td>\n",
       "      <td>137</td>\n",
       "      <td>40</td>\n",
       "      <td>35</td>\n",
       "      <td>168</td>\n",
       "      <td>43.1</td>\n",
       "      <td>2.288</td>\n",
       "      <td>33</td>\n",
       "    </tr>\n",
       "    <tr>\n",
       "      <th>6</th>\n",
       "      <td>3</td>\n",
       "      <td>78</td>\n",
       "      <td>50</td>\n",
       "      <td>32</td>\n",
       "      <td>88</td>\n",
       "      <td>31.0</td>\n",
       "      <td>0.248</td>\n",
       "      <td>26</td>\n",
       "    </tr>\n",
       "    <tr>\n",
       "      <th>8</th>\n",
       "      <td>2</td>\n",
       "      <td>197</td>\n",
       "      <td>70</td>\n",
       "      <td>45</td>\n",
       "      <td>543</td>\n",
       "      <td>30.5</td>\n",
       "      <td>0.158</td>\n",
       "      <td>53</td>\n",
       "    </tr>\n",
       "    <tr>\n",
       "      <th>...</th>\n",
       "      <td>...</td>\n",
       "      <td>...</td>\n",
       "      <td>...</td>\n",
       "      <td>...</td>\n",
       "      <td>...</td>\n",
       "      <td>...</td>\n",
       "      <td>...</td>\n",
       "      <td>...</td>\n",
       "    </tr>\n",
       "    <tr>\n",
       "      <th>755</th>\n",
       "      <td>1</td>\n",
       "      <td>128</td>\n",
       "      <td>88</td>\n",
       "      <td>39</td>\n",
       "      <td>110</td>\n",
       "      <td>36.5</td>\n",
       "      <td>1.057</td>\n",
       "      <td>37</td>\n",
       "    </tr>\n",
       "    <tr>\n",
       "      <th>757</th>\n",
       "      <td>0</td>\n",
       "      <td>123</td>\n",
       "      <td>72</td>\n",
       "      <td>0</td>\n",
       "      <td>0</td>\n",
       "      <td>36.3</td>\n",
       "      <td>0.258</td>\n",
       "      <td>52</td>\n",
       "    </tr>\n",
       "    <tr>\n",
       "      <th>759</th>\n",
       "      <td>6</td>\n",
       "      <td>190</td>\n",
       "      <td>92</td>\n",
       "      <td>0</td>\n",
       "      <td>0</td>\n",
       "      <td>35.5</td>\n",
       "      <td>0.278</td>\n",
       "      <td>66</td>\n",
       "    </tr>\n",
       "    <tr>\n",
       "      <th>761</th>\n",
       "      <td>9</td>\n",
       "      <td>170</td>\n",
       "      <td>74</td>\n",
       "      <td>31</td>\n",
       "      <td>0</td>\n",
       "      <td>44.0</td>\n",
       "      <td>0.403</td>\n",
       "      <td>43</td>\n",
       "    </tr>\n",
       "    <tr>\n",
       "      <th>766</th>\n",
       "      <td>1</td>\n",
       "      <td>126</td>\n",
       "      <td>60</td>\n",
       "      <td>0</td>\n",
       "      <td>0</td>\n",
       "      <td>30.1</td>\n",
       "      <td>0.349</td>\n",
       "      <td>47</td>\n",
       "    </tr>\n",
       "  </tbody>\n",
       "</table>\n",
       "<p>268 rows × 8 columns</p>\n",
       "</div>"
      ],
      "text/plain": [
       "     pregnant  glucode  bp  skin  insulin   bmi  pedigree  age\n",
       "0           6      148  72    35        0  33.6     0.627   50\n",
       "2           8      183  64     0        0  23.3     0.672   32\n",
       "4           0      137  40    35      168  43.1     2.288   33\n",
       "6           3       78  50    32       88  31.0     0.248   26\n",
       "8           2      197  70    45      543  30.5     0.158   53\n",
       "..        ...      ...  ..   ...      ...   ...       ...  ...\n",
       "755         1      128  88    39      110  36.5     1.057   37\n",
       "757         0      123  72     0        0  36.3     0.258   52\n",
       "759         6      190  92     0        0  35.5     0.278   66\n",
       "761         9      170  74    31        0  44.0     0.403   43\n",
       "766         1      126  60     0        0  30.1     0.349   47\n",
       "\n",
       "[268 rows x 8 columns]"
      ]
     },
     "execution_count": 7,
     "metadata": {},
     "output_type": "execute_result"
    }
   ],
   "source": [
    "data_positive"
   ]
  },
  {
   "cell_type": "code",
   "execution_count": 8,
   "id": "72d66a5b",
   "metadata": {},
   "outputs": [
    {
     "data": {
      "text/html": [
       "<div>\n",
       "<style scoped>\n",
       "    .dataframe tbody tr th:only-of-type {\n",
       "        vertical-align: middle;\n",
       "    }\n",
       "\n",
       "    .dataframe tbody tr th {\n",
       "        vertical-align: top;\n",
       "    }\n",
       "\n",
       "    .dataframe thead th {\n",
       "        text-align: right;\n",
       "    }\n",
       "</style>\n",
       "<table border=\"1\" class=\"dataframe\">\n",
       "  <thead>\n",
       "    <tr style=\"text-align: right;\">\n",
       "      <th></th>\n",
       "      <th>pregnant</th>\n",
       "      <th>glucode</th>\n",
       "      <th>bp</th>\n",
       "      <th>skin</th>\n",
       "      <th>insulin</th>\n",
       "      <th>bmi</th>\n",
       "      <th>pedigree</th>\n",
       "      <th>age</th>\n",
       "    </tr>\n",
       "  </thead>\n",
       "  <tbody>\n",
       "    <tr>\n",
       "      <th>1</th>\n",
       "      <td>1</td>\n",
       "      <td>85</td>\n",
       "      <td>66</td>\n",
       "      <td>29</td>\n",
       "      <td>0</td>\n",
       "      <td>26.6</td>\n",
       "      <td>0.351</td>\n",
       "      <td>31</td>\n",
       "    </tr>\n",
       "    <tr>\n",
       "      <th>3</th>\n",
       "      <td>1</td>\n",
       "      <td>89</td>\n",
       "      <td>66</td>\n",
       "      <td>23</td>\n",
       "      <td>94</td>\n",
       "      <td>28.1</td>\n",
       "      <td>0.167</td>\n",
       "      <td>21</td>\n",
       "    </tr>\n",
       "    <tr>\n",
       "      <th>5</th>\n",
       "      <td>5</td>\n",
       "      <td>116</td>\n",
       "      <td>74</td>\n",
       "      <td>0</td>\n",
       "      <td>0</td>\n",
       "      <td>25.6</td>\n",
       "      <td>0.201</td>\n",
       "      <td>30</td>\n",
       "    </tr>\n",
       "    <tr>\n",
       "      <th>7</th>\n",
       "      <td>10</td>\n",
       "      <td>115</td>\n",
       "      <td>0</td>\n",
       "      <td>0</td>\n",
       "      <td>0</td>\n",
       "      <td>35.3</td>\n",
       "      <td>0.134</td>\n",
       "      <td>29</td>\n",
       "    </tr>\n",
       "    <tr>\n",
       "      <th>10</th>\n",
       "      <td>4</td>\n",
       "      <td>110</td>\n",
       "      <td>92</td>\n",
       "      <td>0</td>\n",
       "      <td>0</td>\n",
       "      <td>37.6</td>\n",
       "      <td>0.191</td>\n",
       "      <td>30</td>\n",
       "    </tr>\n",
       "    <tr>\n",
       "      <th>...</th>\n",
       "      <td>...</td>\n",
       "      <td>...</td>\n",
       "      <td>...</td>\n",
       "      <td>...</td>\n",
       "      <td>...</td>\n",
       "      <td>...</td>\n",
       "      <td>...</td>\n",
       "      <td>...</td>\n",
       "    </tr>\n",
       "    <tr>\n",
       "      <th>762</th>\n",
       "      <td>9</td>\n",
       "      <td>89</td>\n",
       "      <td>62</td>\n",
       "      <td>0</td>\n",
       "      <td>0</td>\n",
       "      <td>22.5</td>\n",
       "      <td>0.142</td>\n",
       "      <td>33</td>\n",
       "    </tr>\n",
       "    <tr>\n",
       "      <th>763</th>\n",
       "      <td>10</td>\n",
       "      <td>101</td>\n",
       "      <td>76</td>\n",
       "      <td>48</td>\n",
       "      <td>180</td>\n",
       "      <td>32.9</td>\n",
       "      <td>0.171</td>\n",
       "      <td>63</td>\n",
       "    </tr>\n",
       "    <tr>\n",
       "      <th>764</th>\n",
       "      <td>2</td>\n",
       "      <td>122</td>\n",
       "      <td>70</td>\n",
       "      <td>27</td>\n",
       "      <td>0</td>\n",
       "      <td>36.8</td>\n",
       "      <td>0.340</td>\n",
       "      <td>27</td>\n",
       "    </tr>\n",
       "    <tr>\n",
       "      <th>765</th>\n",
       "      <td>5</td>\n",
       "      <td>121</td>\n",
       "      <td>72</td>\n",
       "      <td>23</td>\n",
       "      <td>112</td>\n",
       "      <td>26.2</td>\n",
       "      <td>0.245</td>\n",
       "      <td>30</td>\n",
       "    </tr>\n",
       "    <tr>\n",
       "      <th>767</th>\n",
       "      <td>1</td>\n",
       "      <td>93</td>\n",
       "      <td>70</td>\n",
       "      <td>31</td>\n",
       "      <td>0</td>\n",
       "      <td>30.4</td>\n",
       "      <td>0.315</td>\n",
       "      <td>23</td>\n",
       "    </tr>\n",
       "  </tbody>\n",
       "</table>\n",
       "<p>500 rows × 8 columns</p>\n",
       "</div>"
      ],
      "text/plain": [
       "     pregnant  glucode  bp  skin  insulin   bmi  pedigree  age\n",
       "1           1       85  66    29        0  26.6     0.351   31\n",
       "3           1       89  66    23       94  28.1     0.167   21\n",
       "5           5      116  74     0        0  25.6     0.201   30\n",
       "7          10      115   0     0        0  35.3     0.134   29\n",
       "10          4      110  92     0        0  37.6     0.191   30\n",
       "..        ...      ...  ..   ...      ...   ...       ...  ...\n",
       "762         9       89  62     0        0  22.5     0.142   33\n",
       "763        10      101  76    48      180  32.9     0.171   63\n",
       "764         2      122  70    27        0  36.8     0.340   27\n",
       "765         5      121  72    23      112  26.2     0.245   30\n",
       "767         1       93  70    31        0  30.4     0.315   23\n",
       "\n",
       "[500 rows x 8 columns]"
      ]
     },
     "execution_count": 8,
     "metadata": {},
     "output_type": "execute_result"
    }
   ],
   "source": [
    "data_negative"
   ]
  },
  {
   "cell_type": "code",
   "execution_count": 9,
   "id": "0452754d",
   "metadata": {},
   "outputs": [
    {
     "name": "stdout",
     "output_type": "stream",
     "text": [
      "positive_mean: [  4.86567164 141.25746269  70.82462687  22.1641791  100.3358209\n",
      "  35.14253731   0.5505      37.06716418]\n",
      "negative_mean: [  3.298    109.98      68.184     19.664     68.792     30.3042\n",
      "   0.429734  31.19    ]\n"
     ]
    }
   ],
   "source": [
    "# Calculating mean of the positive and negative data after converting the data into numpy array\n",
    "data_pos = np.array(data_positive)\n",
    "data_neg = np.array(data_negative)\n",
    "\n",
    "# print(data_pos, \"\\n\", data_neg)\n",
    "\n",
    "data_pos_mean = np.mean(data_pos, 0)\n",
    "data_neg_mean = np.mean(data_neg, 0)\n",
    "\n",
    "print(\"positive_mean: \", end=\"\")\n",
    "print(data_pos_mean)\n",
    "print(\"negative_mean: \", end=\"\")\n",
    "print(data_neg_mean)"
   ]
  },
  {
   "cell_type": "code",
   "execution_count": 10,
   "id": "3187d5c9",
   "metadata": {},
   "outputs": [
    {
     "name": "stdout",
     "output_type": "stream",
     "text": [
      "Scatter for Class positive: \n",
      "[[ 3.75116105e+03 -1.74825468e+03  2.73589513e+03 -1.40332584e+03\n",
      "  -1.09246742e+04 -1.15839101e+03 -2.58333933e+01  4.89367790e+03]\n",
      " [-1.74825468e+03  2.73397375e+05  1.26382584e+04  5.69291386e+03\n",
      "   3.10283603e+05  3.13446067e+03  8.43803521e+01  9.25389513e+03]\n",
      " [ 2.73589513e+03  1.26382584e+04  1.23788655e+05  2.29373034e+04\n",
      "   7.13881573e+04  5.60360824e+03  7.40397678e+01  1.65950787e+04]\n",
      " [-1.40332584e+03  5.69291386e+03  2.29373034e+04  8.37693483e+04\n",
      "   3.00018697e+05  1.07388989e+04  4.83235116e+02 -4.78179775e+03]\n",
      " [-1.09246742e+04  3.10283603e+05  7.13881573e+04  3.00018697e+05\n",
      "   5.15489245e+06  1.48777858e+04  1.40565197e+03  9.76137828e+03]\n",
      " [-1.15839101e+03  3.13446067e+03  5.60360824e+03  1.07388989e+04\n",
      "   1.48777858e+04  1.41371858e+04  9.91211551e+01 -4.01394307e+03]\n",
      " [-2.58333933e+01  8.43803521e+01  7.40397678e+01  4.83235116e+02\n",
      "   1.40565197e+03  9.91211551e+01  3.71576269e+01 -9.64488839e+01]\n",
      " [ 4.89367790e+03  9.25389513e+03  1.65950787e+04 -4.78179775e+03\n",
      "   9.76137828e+03 -4.01394307e+03 -9.64488839e+01  3.22410936e+04]]\n",
      "Scatter for Class negative: \n",
      "[[ 4.55170140e+03  3.89176353e+03  3.62683768e+03 -2.65825251e+03\n",
      "  -1.96853788e+04  1.91356914e+02 -3.60735130e+01  1.00818537e+04]\n",
      " [ 3.89176353e+03  3.41681162e+05  4.55178758e+04  3.11687375e+03\n",
      "   4.56101122e+05  1.32422265e+04  3.73518377e+02  3.47734469e+04]\n",
      " [ 3.62683768e+03  4.55178758e+04  1.63137347e+05  2.51572265e+04\n",
      "   6.66344048e+04  2.52231599e+04  7.37199118e+01  2.26237675e+04]\n",
      " [-2.65825251e+03  3.11687375e+03  2.51572265e+04  1.10855263e+05\n",
      "   3.03833723e+05  2.51105267e+04  2.11938188e+02 -1.42275351e+04]\n",
      " [-1.96853788e+04  4.56101122e+05  6.66344048e+04  3.03833723e+05\n",
      "   4.88717271e+06  9.66295960e+04  3.36179593e+03 -8.60723848e+04]\n",
      " [ 1.91356914e+02  1.32422265e+04  2.52231599e+04  2.51105267e+04\n",
      "   9.66295960e+04  2.95669351e+04  8.12612812e+01  1.61813727e+03]\n",
      " [-3.60735130e+01  3.73518377e+02  7.37199118e+01  2.11938188e+02\n",
      "   3.36179593e+03  8.12612812e+01  4.47260096e+01  7.26976653e+01]\n",
      " [ 1.00818537e+04  3.47734469e+04  2.26237675e+04 -1.42275351e+04\n",
      "  -8.60723848e+04  1.61813727e+03  7.26976653e+01  6.80670842e+04]]\n"
     ]
    }
   ],
   "source": [
    "# Calculating scatter matrices\n",
    "\n",
    "S_positive = len(data_pos)*np.cov(data_pos.T)\n",
    "print(\"Scatter for Class positive: \")\n",
    "print(S_positive)\n",
    "\n",
    "S_negative = len(data_neg)*np.cov(data_neg.T)\n",
    "print(\"Scatter for Class negative: \")\n",
    "print(S_negative)"
   ]
  },
  {
   "cell_type": "code",
   "execution_count": 11,
   "id": "1c4577fe",
   "metadata": {},
   "outputs": [
    {
     "name": "stdout",
     "output_type": "stream",
     "text": [
      "With in scatter matrix: \n",
      "[[ 8.30286245e+03  2.14350885e+03  6.36273281e+03 -4.06157835e+03\n",
      "  -3.06100529e+04 -9.67034097e+02 -6.19069063e+01  1.49755316e+04]\n",
      " [ 2.14350885e+03  6.15078537e+05  5.81561342e+04  8.80978761e+03\n",
      "   7.66384725e+05  1.63766871e+04  4.57898729e+02  4.40273420e+04]\n",
      " [ 6.36273281e+03  5.81561342e+04  2.86926002e+05  4.80945298e+04\n",
      "   1.38022562e+05  3.08267682e+04  1.47759680e+02  3.92188462e+04]\n",
      " [-4.06157835e+03  8.80978761e+03  4.80945298e+04  1.94624611e+05\n",
      "   6.03852420e+05  3.58494255e+04  6.95173304e+02 -1.90093328e+04]\n",
      " [-3.06100529e+04  7.66384725e+05  1.38022562e+05  6.03852420e+05\n",
      "   1.00420652e+07  1.11507382e+05  4.76744790e+03 -7.63110065e+04]\n",
      " [-9.67034097e+02  1.63766871e+04  3.08267682e+04  3.58494255e+04\n",
      "   1.11507382e+05  4.37041208e+04  1.80382436e+02 -2.39580580e+03]\n",
      " [-6.19069063e+01  4.57898729e+02  1.47759680e+02  6.95173304e+02\n",
      "   4.76744790e+03  1.80382436e+02  8.18836365e+01 -2.37512186e+01]\n",
      " [ 1.49755316e+04  4.40273420e+04  3.92188462e+04 -1.90093328e+04\n",
      "  -7.63110065e+04 -2.39580580e+03 -2.37512186e+01  1.00308178e+05]]\n"
     ]
    }
   ],
   "source": [
    "# Total Scatter matrix\n",
    "S_total = S_positive + S_negative\n",
    "print(\"With in scatter matrix: \")\n",
    "print(S_total)"
   ]
  },
  {
   "cell_type": "code",
   "execution_count": 12,
   "id": "bdf36e1f",
   "metadata": {},
   "outputs": [
    {
     "name": "stdout",
     "output_type": "stream",
     "text": [
      "Scatter Inverse: \n",
      "[[ 1.67315043e-04  9.03079759e-07 -8.16107578e-07 -7.35758346e-08\n",
      "   2.01011963e-07  1.70815608e-06  1.00868134e-04 -2.48529704e-05]\n",
      " [ 9.03079759e-07  1.93949138e-06 -2.28829457e-07  5.59649608e-07\n",
      "  -1.74719698e-07 -5.96540390e-07 -3.28691052e-06 -9.38528225e-07]\n",
      " [-8.16107578e-07 -2.28829457e-07  4.14611397e-06 -8.34304938e-07\n",
      "   2.00798023e-08 -2.32666605e-06  3.75731169e-06 -1.59629735e-06]\n",
      " [-7.35758346e-08  5.59649608e-07 -8.34304938e-07  7.70240622e-06\n",
      "  -4.19007517e-07 -4.67860721e-06 -3.20463935e-05  1.11311934e-06]\n",
      " [ 2.01011963e-07 -1.74719698e-07  2.00798023e-08 -4.19007517e-07\n",
      "   1.39994230e-07  6.08419571e-08 -3.61545063e-06  6.65211724e-08]\n",
      " [ 1.70815608e-06 -5.96540390e-07 -2.32666605e-06 -4.67860721e-06\n",
      "   6.08419571e-08  2.85806761e-05 -1.77380809e-05  7.54583127e-07]\n",
      " [ 1.00868134e-04 -3.28691052e-06  3.75731169e-06 -3.20463935e-05\n",
      "  -3.61545063e-06 -1.77380809e-05  1.28157764e-02 -2.12981972e-05]\n",
      " [-2.48529704e-05 -9.38528225e-07 -1.59629735e-06  1.11311934e-06\n",
      "   6.65211724e-08  7.54583127e-07 -2.12981972e-05  1.49903054e-05]]\n"
     ]
    }
   ],
   "source": [
    "S_inv = inv(S_total)\n",
    "print(\"Scatter Inverse: \")\n",
    "print(S_inv)"
   ]
  },
  {
   "cell_type": "code",
   "execution_count": 13,
   "id": "2feaed4a",
   "metadata": {},
   "outputs": [
    {
     "name": "stdout",
     "output_type": "stream",
     "text": [
      "Weight vector: \n",
      "[ 1.68923878e-04  4.85626509e-05 -1.91259129e-05  1.26147647e-06\n",
      " -1.47957951e-06  1.08673136e-04  1.20779093e-03  2.15293410e-05]\n"
     ]
    }
   ],
   "source": [
    "# Calculating the weight vector\n",
    "W = np.matmul(S_inv, (data_pos_mean-data_neg_mean))\n",
    "print(\"Weight vector: \")\n",
    "print(W)"
   ]
  },
  {
   "cell_type": "code",
   "execution_count": 14,
   "id": "f3a47b05",
   "metadata": {},
   "outputs": [
    {
     "name": "stdout",
     "output_type": "stream",
     "text": [
      "768\n"
     ]
    }
   ],
   "source": [
    "data_projected = []\n",
    "for i in range(len(X)):\n",
    "    data_projected.append(np.matmul(W.T, X.iloc[i]))\n",
    "\n",
    "print(len(data_projected))"
   ]
  },
  {
   "cell_type": "markdown",
   "id": "4af6a41e",
   "metadata": {},
   "source": [
    "Classification using FDA(Extra)"
   ]
  },
  {
   "cell_type": "code",
   "execution_count": 15,
   "id": "9cbc409e",
   "metadata": {},
   "outputs": [
    {
     "name": "stdout",
     "output_type": "stream",
     "text": [
      "Positive data projection: 0.011488654369218082\n",
      "Negative data projection: 0.009000753924952719\n",
      "Seperation boundary     : 0.0102447041470854\n"
     ]
    }
   ],
   "source": [
    "data_pos_proj = np.matmul(W.T, data_pos_mean)\n",
    "data_neg_proj = np.matmul(W.T, data_neg_mean)\n",
    "seperation_boundary = 0.5*(data_pos_proj+data_neg_proj)\n",
    "print(\"Positive data projection: \" + str(data_pos_proj) + \"\\nNegative data projection: \" + str(data_neg_proj) + \\\n",
    "      \"\\nSeperation boundary     : \" + str(seperation_boundary))"
   ]
  },
  {
   "cell_type": "code",
   "execution_count": 16,
   "id": "132a18a9",
   "metadata": {},
   "outputs": [],
   "source": [
    "# Function to predict class in test data\n",
    "def predict_class(features):\n",
    "    estimated_proj = np.matmul(W.T, features)\n",
    "    \n",
    "    if(estimated_proj<seperation_boundary):\n",
    "        return 0\n",
    "    else:\n",
    "        return 1"
   ]
  },
  {
   "cell_type": "code",
   "execution_count": 17,
   "id": "3118ac12",
   "metadata": {},
   "outputs": [],
   "source": [
    "# Predicting the test data class\n",
    "Y_pred = []\n",
    "for i in range(len(X_test)):\n",
    "    Y_pred.append(predict_class(np.array(X_test.iloc[i])))"
   ]
  },
  {
   "cell_type": "code",
   "execution_count": 18,
   "id": "4c57f31d",
   "metadata": {},
   "outputs": [
    {
     "name": "stdout",
     "output_type": "stream",
     "text": [
      "Accuracy: 0.7597402597402597\n"
     ]
    }
   ],
   "source": [
    "print(\"Accuracy:\",((Y_pred==Y_test).sum())/len(Y_pred))"
   ]
  },
  {
   "cell_type": "markdown",
   "id": "e083b7fb",
   "metadata": {},
   "source": [
    "# Q2.Decision Tree"
   ]
  },
  {
   "cell_type": "code",
   "execution_count": 19,
   "id": "ce2f682f",
   "metadata": {},
   "outputs": [],
   "source": [
    "from sklearn.tree import DecisionTreeClassifier as DTC\n",
    "from sklearn import metrics"
   ]
  },
  {
   "cell_type": "code",
   "execution_count": 20,
   "id": "a42f225e",
   "metadata": {},
   "outputs": [],
   "source": [
    "model = DTC(criterion=\"entropy\", max_depth=3)\n",
    "\n",
    "model = model.fit(X_train, Y_train)\n",
    "\n",
    "Y_pred_DTC = model.predict(X_test)"
   ]
  },
  {
   "cell_type": "code",
   "execution_count": 21,
   "id": "c3f10db7",
   "metadata": {},
   "outputs": [
    {
     "name": "stdout",
     "output_type": "stream",
     "text": [
      "Accuracy:  0.7792207792207793\n"
     ]
    }
   ],
   "source": [
    "print(\"Accuracy: \", metrics.accuracy_score(Y_test, Y_pred_DTC))"
   ]
  },
  {
   "cell_type": "code",
   "execution_count": 22,
   "id": "789b47d0",
   "metadata": {},
   "outputs": [],
   "source": [
    "# pip install pydotplus"
   ]
  },
  {
   "cell_type": "code",
   "execution_count": 23,
   "id": "eee99ba9",
   "metadata": {},
   "outputs": [
    {
     "data": {
